     1        0   129600   0.000
     2    20038   129600   0.020
     3    40075   129600   0.040
     4    60112   129600   0.060
     5    80149   129600   0.080
     6   100186   129600   0.100
     7   120223   130698   0.120
     8   140260   130698   0.140
     9   160297   130698   0.160
    10   180334   130698   0.180
    11   200371   130698   0.200
    12   220408   130698   0.220
    13   240445   132408   0.240
    14   260482   132408   0.260
    15   280519   132408   0.280
    16   300556   132408   0.300
    17   320593   132408   0.320
    18   340630   134084   0.340
    19   360667   134084   0.360
    20   380704   134084   0.380
    21   400741   134084   0.400
    22   420778   134084   0.420
    23   440815   134084   0.440
    24   460852   136456   0.460
    25   480889   136456   0.480
    26   500926   136456   0.500
    27   520963   136456   0.520
    28   541000   136456   0.540
    29   561037   136456   0.560
    30   581074   138808   0.580
    31   601111   138808   0.600
    32   621148   138808   0.620
    33   641185   138808   0.640
    34   661222   138808   0.660
    35   681259   138808   0.680
    36   701296   140966   0.700
    37   721333   140966   0.720
    38   741370   140966   0.740
    39   761407   140966   0.760
    40   781444   140966   0.780
    41   801481   143429   0.800
    42   821518   143429   0.820
    43   841555   143429   0.840
    44   861592   143429   0.860
    45   881629   143429   0.880
    46   901666   143429   0.900
    47   921703   145621   0.920
    48   941740   145621   0.940
    49   961777   145621   0.960
    50   981814   145621   0.980
    51  1001851   145621   1.000
    52  1021888   145621   1.020
    53  1041925   148596   1.040
    54  1061962   148596   1.060
    55  1081999   148596   1.080
    56  1102036   148596   1.100
    57  1122073   148596   1.120
    58  1142110   148596   1.140
    59  1162147   151384   1.160
    60  1182184   151384   1.180
    61  1202221   151384   1.200
    62  1222258   151384   1.220
    63  1242295   151384   1.240
    64  1262332   153891   1.260
    65  1282369   153891   1.280
    66  1302406   153891   1.300
    67  1322443   153891   1.320
    68  1342480   153891   1.340
    69  1362517   156621   1.360
    70  1382554   156621   1.380
    71  1402591   156621   1.400
    72  1422628   156621   1.420
    73  1442665   156621   1.440
    74  1462702   156621   1.460
    75  1482739   159528   1.480
    76  1502776   159528   1.500
    77  1522813   159528   1.520
    78  1542850   159528   1.540
    79  1562887   159528   1.560
    80  1582924   159528   1.580
    81  1602961   162727   1.600
    82  1622998   162727   1.620
    83  1643035   162727   1.640
    84  1663072   162727   1.660
    85  1683109   162727   1.680
    86  1703146   162727   1.700
    87  1723183   165606   1.720
    88  1743220   165606   1.740
    89  1763257   165606   1.760
    90  1783294   165606   1.780
    91  1803331   165606   1.800
    92  1823368   168568   1.820
    93  1843405   168568   1.840
    94  1863442   168568   1.860
    95  1883479   168568   1.880
    96  1903516   168568   1.900
    97  1923553   168568   1.920
    98  1943590   171750   1.940
    99  1963627   171750   1.960
   100  1983664   171750   1.980
   101  2003701   171750   2.000
   102  2023738   171750   2.020
   103  2043775   171750   2.040
   104  2063812   174948   2.060
   105  2083849   174948   2.080
   106  2103886   176865   2.100
   107  2123923   176865   2.120
   108  2143960   178534   2.140
   109  2163997   178534   2.160
   110  2184034   180072   2.180
   111  2204071   180072   2.200
   112  2224108   180072   2.220
   113  2244145   182054   2.240
   114  2264182   182054   2.260
   115  2284219   182054   2.280
   116  2304256   183884   2.300
   117  2324293   183884   2.320
   118  2344330   183884   2.340
   119  2364367   183884   2.360
   120  2384404   183884   2.380
   121  2404441   186476   2.400
   122  2424478   186476   2.420
   123  2444515   186476   2.440
   124  2464552   186476   2.460
   125  2484589   186476   2.480
   126  2504626   189178   2.500
   127  2524663   189178   2.520
   128  2544700   189178   2.540
   129  2564737   189178   2.560
   130  2584774   189178   2.580
   131  2604811   189178   2.600
   132  2624848   192235   2.620
   133  2644885   192235   2.640
   134  2664922   192235   2.660
   135  2684959   192235   2.680
   136  2704996   192235   2.700
   137  2725033   192235   2.720
   138  2745070   195544   2.740
   139  2765107   195544   2.760
   140  2785144   195544   2.780
   141  2805181   195544   2.800
   142  2825218   195544   2.820
   143  2845255   195544   2.840
   144  2865292   198653   2.860
   145  2885329   198653   2.880
   146  2905366   198653   2.900
   147  2925403   198653   2.920
   148  2945440   198653   2.940
   149  2965477   198653   2.960
   150  2985514   201687   2.980
   151  3005551   201687   3.000
   152  3025588   201687   3.020
   153  3045625   201687   3.040
   154  3065662   201687   3.060
   155  3085699   204844   3.080
   156  3105736   204844   3.100
   157  3125773   204844   3.120
   158  3145810   204844   3.140
   159  3165847   204844   3.160
   160  3185884   204844   3.180
   161  3205921   207989   3.200
   162  3225958   207989   3.220
   163  3245995   207989   3.240
   164  3266032   207989   3.260
   165  3286069   207989   3.280
   166  3306106   207989   3.300
   167  3326143   211314   3.320
   168  3346180   211314   3.340
   169  3366217   211314   3.360
   170  3386254   211314   3.380
   171  3406291   211314   3.400
   172  3426328   214623   3.420
   173  3446365   214623   3.440
   174  3466402   214623   3.460
   175  3486439   214623   3.480
   176  3506476   214623   3.500
   177  3526513   214623   3.520
   178  3546550   217893   3.540
   179  3566587   217893   3.560
   180  3586624   217893   3.580
   181  3606661   217893   3.600
   182  3626698   217893   3.620
   183  3646735   220911   3.640
   184  3666772   220911   3.660
   185  3686809   220911   3.680
   186  3706846   220911   3.700
   187  3726883   220911   3.720
   188  3746920   220911   3.740
   189  3766957   224183   3.760
   190  3786994   224183   3.780
   191  3807031   224183   3.800
   192  3827068   224183   3.820
   193  3847105   224183   3.840
   194  3867142   227302   3.860
   195  3887179   227302   3.880
   196  3907216   227302   3.900
   197  3927253   227302   3.920
   198  3947290   227302   3.940
   199  3967327   227302   3.960
   200  3987364   230579   3.980
   201  4007401   230579   4.000
   202  4027438   230579   4.020
   203  4047475   230579   4.040
   204  4067512   230579   4.060
   205  4087549   233425   4.080
   206  4107586   233425   4.100
   207  4127623   233425   4.120
   208  4147660   233425   4.140
   209  4167697   233425   4.160
   210  4187734   236426   4.180
   211  4207771   236426   4.200
   212  4227808   236426   4.220
   213  4247845   236426   4.240
   214  4267882   236426   4.260
   215  4287919   236426   4.280
   216  4307956   239652   4.300
   217  4327993   239652   4.320
   218  4348030   239652   4.340
   219  4368067   239652   4.360
   220  4388104   239652   4.380
   221  4408141   239652   4.400
   222  4428178   242728   4.420
   223  4448215   242728   4.440
   224  4468252   242728   4.460
   225  4488289   242728   4.480
   226  4508326   242728   4.500
